0.000000 -17.000000 0.000000 0.000000 0.000000 0.000000 0.000000 0.000000 0.000000 0.000000 0.000000 0.000000 0.000000 0.000000 0.000000 0.000000 0.000000
0.000000 -17.000000 9.000000 0.000000 0.000000 0.000000 0.000000 0.000000 0.000000 0.000000 0.000000 0.000000 0.000000 0.000000 0.000000 0.000000 0.000000
0.000000 -17.000000 9.000000 -81.500000 0.000000 0.000000 0.000000 0.000000 0.000000 0.000000 0.000000 0.000000 0.000000 0.000000 0.000000 0.000000 0.000000
0.000000 -17.000000 9.000000 -81.500000 -15.500000 0.000000 0.000000 0.000000 0.000000 0.000000 0.000000 0.000000 0.000000 0.000000 0.000000 0.000000 0.000000
0.000000 -17.000000 9.000000 -81.500000 -15.500000 40.000000 -0.500000 0.000000 0.000000 0.000000 0.000000 0.000000 0.000000 0.000000 0.000000 0.000000 0.000000
0.000000 -17.000000 9.000000 -81.500000 -15.500000 40.000000 -0.500000 17.500000 0.000000 0.000000 0.000000 0.000000 0.000000 0.000000 0.000000 0.000000 0.000000
0.000000 -17.000000 9.000000 -81.500000 -15.500000 40.000000 -0.500000 17.500000 34.000000 0.000000 0.000000 0.000000 0.000000 0.000000 0.000000 0.000000 0.000000
0.000000 -17.000000 9.000000 -81.500000 -15.500000 40.000000 -0.500000 17.500000 34.000000 12.000000 0.000000 0.000000 0.000000 0.000000 0.000000 0.000000 0.000000
0.000000 -17.000000 9.000000 -81.500000 -15.500000 40.000000 -0.500000 17.500000 34.000000 12.000000 8.500000 0.000000 0.000000 0.000000 0.000000 0.000000 0.000000
0.000000 -17.000000 9.000000 -81.500000 -15.500000 40.000000 -0.500000 17.500000 34.000000 12.000000 8.500000 0.000000 0.000000 0.000000 22.500000 0.000000 0.000000
0.000000 -17.000000 9.000000 -81.500000 -15.500000 40.000000 -0.500000 17.500000 34.000000 12.000000 8.500000 0.000000 0.000000 0.000000 22.500000 11.500000 0.000000
0.000000 -17.000000 9.000000 -81.500000 -15.500000 40.000000 -0.500000 17.500000 34.000000 12.000000 8.500000 0.000000 0.000000 0.000000 22.500000 11.500000 23.000000
0.000000 -17.000000 9.000000 -81.500000 -15.500000 40.000000 -0.500000 17.500000 34.000000 12.000000 8.500000 12.000000 0.000000 13.500000 22.500000 11.500000 23.000000
0.000000 -17.000000 9.000000 -81.500000 -15.500000 40.000000 -0.500000 17.500000 34.000000 12.000000 8.500000 22.000000 17.500000 13.500000 22.500000 11.500000 23.000000
0.000000 -17.000000 9.000000 -81.500000 -15.500000 40.000000 -0.500000 17.500000 34.000000 12.000000 -0.500000 -0.500000 -0.500000 -0.500000 22.500000 11.500000 23.000000
0.000000 -17.000000 9.000000 -81.500000 -15.500000 40.000000 -0.500000 17.500000 34.000000 12.000000 -0.500000 -0.500000 -0.500000 -0.500000 22.500000 11.500000 -0.500000
0.000000 -17.000000 9.000000 -81.500000 -15.500000 40.000000 -0.500000 17.500000 34.000000 12.000000 -0.500000 -0.500000 -0.500000 -0.500000 22.500000 -16.000000 -0.500000
0.000000 -17.000000 9.000000 -81.500000 -15.500000 40.000000 -0.500000 17.500000 9.500000 -0.500000 -0.500000 -0.500000 -0.500000 -0.500000 22.500000 -16.000000 -0.500000
0.000000 -17.000000 1.000000 -81.500000 -15.500000 40.000000 -0.500000 17.500000 9.500000 -0.500000 -0.500000 -0.500000 -0.500000 -0.500000 22.500000 -16.000000 -0.500000
0.000000 -17.000000 1.000000 -81.500000 -15.500000 40.000000 -0.500000 17.500000 9.500000 -0.500000 -0.500000 -0.500000 -0.500000 -0.500000 22.500000 -16.000000 -0.500000
0.000000 -17.000000 1.000000 -81.500000 -15.500000 10.500000 -0.500000 -0.500000 9.500000 -0.500000 -0.500000 -0.500000 -0.500000 -0.500000 22.500000 -16.000000 -0.500000
0.000000 -17.000000 1.000000 0.000000 0.000000 10.500000 -0.500000 -0.500000 9.500000 -0.500000 -0.500000 -0.500000 -0.500000 -0.500000 22.500000 -16.000000 -0.500000
-0.500000 -1.500000 -0.500000 0.000000 0.000000 10.500000 -0.500000 -0.500000 9.500000 -0.500000 -0.500000 -0.500000 -0.500000 -0.500000 22.500000 -16.000000 -0.500000
-0.500000 -1.500000 -0.500000 -90.500000 -75.000000 10.500000 -0.500000 -0.500000 9.500000 -0.500000 -0.500000 -0.500000 -0.500000 -0.500000 22.500000 -16.000000 -0.500000
-0.500000 -1.500000 -0.500000 -90.500000 -75.000000 10.500000 -0.500000 -0.500000 9.500000 -0.500000 -0.500000 37.000000 20.000000 -0.500000 22.500000 -16.000000 -0.500000
-0.500000 -1.500000 -0.500000 -90.500000 -75.000000 10.500000 -0.500000 -0.500000 9.500000 -0.500000 -0.500000 37.000000 20.000000 -0.500000 22.500000 33.000000 -0.500000
-0.500000 -1.500000 -0.500000 -90.500000 -75.000000 10.500000 -0.500000 -0.500000 54.500000 -0.500000 -0.500000 37.000000 20.000000 -0.500000 22.500000 33.000000 -0.500000
-0.500000 -1.500000 -0.500000 -90.500000 -75.000000 63.000000 -0.500000 -0.500000 54.500000 -0.500000 -0.500000 37.000000 20.000000 -0.500000 22.500000 33.000000 -0.500000
-0.500000 -1.500000 -0.500000 -39.000000 -75.000000 63.000000 -0.500000 -0.500000 54.500000 -0.500000 -0.500000 37.000000 20.000000 -0.500000 22.500000 33.000000 -0.500000
-0.500000 -1.500000 -0.500000 0.000000 0.000000 63.000000 -0.500000 -0.500000 54.500000 -0.500000 -0.500000 37.000000 20.000000 -0.500000 22.500000 33.000000 -0.500000
